2.62038292 4.11051405
2.50336379 4.33550179
2.53624212 4.07572424
2.66576650 3.93945472
2.59580031 3.68222957
2.89980884 4.12218181
3.28170724 4.20198393
3.51319598 4.55672252
2.91946056 4.04920987
2.98007814 4.02985318
2.69741519 4.14841192
3.34824511 3.79719869
2.80160046 3.69501267
3.57230936 4.33806720
3.22704238 3.37315002
4.09975998 4.23998035
2.71675882 3.78829040
2.76777881 3.97023758
3.24182562 3.65940679
3.22260995 4.03338191
3.80919191 3.92036927
3.09012136 4.08440606
4.04196177 4.21153257
4.30736700 4.62349553
4.06865466 4.19634573
3.92505075 3.96776226
3.54257686 4.11755767
3.72645745 3.98351112
3.45733141 3.85927050
3.91184190 4.32475619
3.39142253 4.03387200
3.54946766 4.08535118
3.89809045 4.57779688
3.26802646 3.93763636
3.46563820 4.06045429
3.64144005 4.30338142
3.42509342 4.02231982
3.54739850 4.38390312
3.20036357 3.85385498
3.56171217 4.07351055
3.80298149 4.22647169
3.78003276 4.06116229
3.58639696 4.36173442
3.47991472 4.33708457
3.64676736 4.01610587
